-7.56399 2.28486
2.49208 1.97742
-3.09261 7.10963
-7.57424 -0.66242
8.56548 -2.38337
-9.369 -1.25355
-7.64481 4.55914
5.09947 7.93826
-7.69216 1.60831
1.9021 -0.574559
-2.18806 -0.422771
7.03053 2.30707
-6.69265 -6.30969
0.651319 -8.91734
-1.77137 0.914543
-0.158655 0.0294024
-2.10072 -5.10043
-4.08975 7.44748
5.93866 6.479
3.00037 2.10005
6.84245 4.67267
0.487124 1.63876
-3.66977 0.0673565
5.12577 -0.676813
-8.41862 -4.63829
-0.446331 -5.87158
0.145473 -5.72556
0.862411 -0.705146
-5.47673 1.9713
3.71655 2.09376
-2.90357 1.99162
2.00995 -3.99631
-1.36592 -7.38691
-3.92118 4.69244
-3.2145 5.60236
-1.67863 -1.3318
-3.01662 3.63069
-2.66158 -7.51518
3.02474 -0.857682
6.40853 6.98606
4.66338 8.29741
-4.90125 3.06916
-4.69811 -5.40109
8.559 2.15424
-1.85217 3.95562
2.0574 4.99703
1.64486 -9.64653
-1.09345 3.09922
-0.635081 -1.90664
6.2914 4.7551
8.45422 3.58074
1.12606 -4.75019
-1.54934 -8.21949
-2.13484 0.444227
-1.60242 8.54306
-3.39078 6.31413
2.88658 -8.21094
7.79619 -4.19423
-0.269683 -4.78379
9.54306 -2.83814
3.1932 3.73089
-0.963496 -2.79675
-2.29047 3.40196
6.45596 -4.64723
-5.48651 2.88889
3.41367 5.35403
-6.11027 -2.65246
1.76463 6.17089
-1.32329 -6.71361
-0.411345 -3.36682
-5.27723 -0.395058
3.32804 -8.82617
6.07021 0.673189
-8.23327 -5.57373
-0.172787 -9.23863
7.25451 1.36177
4.33134 -8.8659
-3.08691 7.73501
-8.96397 -0.171553
-6.0803 -4.20847
4.54133 -3.43874
5.93521 -6.53755
-5.24607 0.474093
3.45948 6.81312
5.44438 -4.77205
-3.6109 2.84135
-9.41449 0.175049
-2.24307 -2.38026
4.68742 -2.63468
-5.37601 6.169
6.65383 -1.29173
8.35428 4.87178
-6.91604 -4.1164
-3.12615 -7.91477
3.20314 8.5728
-1.93319 9.14832
-7.87869 -3.31395
-5.04582 5.74936
0.773657 2.34509
0.981709 7.69365
-1.75042 -3.39166
4.97134 6.47406
5.9879 3.7331
-9.33178 2.67007
-2.53821 -1.37669
-0.254881 3.22387
-1.30197 4.38334
-1.91951 -5.80669
-5.59502 0.00334251
2.24614 -0.00685797
-1.06264 8.36774
1.50975 1.49703
0.535749 6.35609
-1.57008 -2.8007
-8.30407 5.55817
-2.18156 2.5848
-2.11228 -7.61491
1.48848 5.37855
-6.0152 2.7963
7.14538 -2.98994
5.76946 4.4986
2.85461 -6.87946
2.43264 -2.63046
2.16199 8.70711
-0.51567 -6.71192
4.87141 -6.73178
8.93254 1.75412
3.21788 -6.4318
8.69573 -0.618603
3.52228 -3.17299
5.37652 2.70996
3.0915 0.282647
8.64531 -4.04263
1.77275 -5.09968
2.38779 6.32983
7.42468 -2.23071
4.1767 6.74213
-6.18772 -1.34675
-1.75403 2.84635
-7.68275 -2.25358
-3.38447 -5.49311
-3.39307 -4.52534
-9.05662 3.17714
0.941985 -1.39817
-0.158803 6.80611
7.65125 4.99055
-1.00927 1.27279
0.218318 -8.49831
2.33198 -5.75302
5.82736 7.934
7.46746 -3.72202
-8.73471 1.09754
-4.33742 -6.57719
0.824824 5.52006
0.452318 -4.37353
4.58679 5.16387
-3.44561 2.1958
-6.34331 5.93276
-7.20395 -5.1246
4.20688 2.21814
-8.55924 2.82689
4.2489 5.91172
3.8253 -1.30543
-4.15197 -7.63302
-1.85196 7.12984
-6.25618 2.28269
-5.84301 -0.889516
-3.6138 9.14258
3.21503 2.81102
4.16214 -1.9717
-6.29915 -0.632948
5.955 -7.9455
7.00602 3.12147
-2.02404 -6.44163
4.77836 4.43376
8.21531 1.61186
4.45264 -8.27046
-4.34205 -2.62404
-2.45383 6.87555
-0.897514 5.31856
2.17224 5.50795
-1.60732 2.30177
-4.46395 -8.66311
-3.046 0.102345
-4.69066 -3.76113
2.13539 -7.69008
-9.6525 0.697642
0.745373 -9.64635
-1.24978 -1.96699
3.70514 7.35804
-4.43827 5.69547
5.01817 -3.68702
2.1006 3.5592
-5.26276 -1.78826
-4.69377 0.269605
4.34838 1.64242
6.88866 -6.20501
-0.686115 7.57879
-7.58323 5.89856
-8.0181 -0.10559
-0.884616 -9.27819
-4.28373 4.04728
-6.81233 3.35385
0.932609 4.09641
3.65929 -3.65667
0.935424 -2.06898
1.66269 -2.61263
-6.49305 -2.25549
-3.9162 1.39833
8.6418 2.87494
-1.3534 -5.34724
-1.468 -9.18469
-4.76806 8.54163
-1.58235 5.13358
6.56547 5.91085
-1.27954 0.677179
-7.1117 5.64987
-7.78161 -6.03213