186 86 5
186 86 151
186 151 103
86 5 78
86 78 151
5 78 3
5 24 73
5 24 96
5 96 139
5 139 3
103 142 160
103 142 114
142 160 6
142 114 6
78 151 199
78 199 3
151 160 103
160 8 151
160 6 202
160 0 202
24 73 158
24 96 92
114 212 198
73 217 158
199 8 151
199 8 170
96 207 66
217 12 182
8 0 160
8 0 165
8 170 108
139 3 137
139 207 96
139 137 207
6 198 114
6 198 216
6 216 202
198 216 157
198 157 212
3 170 199
0 202 165
158 92 24
158 92 79
158 12 217
158 12 79
216 202 157
92 66 96
202 157 97
202 118 165
202 118 64
202 64 201
202 97 201
12 79 42
12 42 152
12 182 163
12 152 163
207 66 193
157 89 97
157 89 212
170 137 3
165 118 28
165 108 8
165 108 82
165 28 82
137 166 170
137 193 207
66 79 92
66 184 79
66 184 177
66 177 193
79 42 184
118 64 28
166 108 170
166 70 193
166 193 137
108 70 166
64 28 41
64 41 201
28 82 208
28 41 208
89 97 190
89 212 17
89 17 190
70 193 22
70 82 108
70 82 194
70 194 22
193 22 177
82 194 208
97 33 190
97 33 201
41 156 208
41 156 85
41 85 201
212 167 17
42 184 141
42 140 152
42 140 141
194 208 22
184 177 141
182 93 211
182 211 187
190 17 55
190 33 34
177 141 87
177 104 87
152 37 140
201 85 36
201 36 33
163 93 182
163 37 152
17 77 167
33 34 36
208 156 30
208 183 30
22 183 208
22 104 177
156 85 30
141 16 100
141 100 87
85 36 115
85 115 30
167 77 95
55 34 190
55 34 178
55 2 17
55 2 178
140 16 141
140 173 107
34 44 36
34 213 178
34 213 44
93 37 163
93 37 116
93 116 52
93 211 52
2 77 17
2 178 77
77 164 178
77 54 164
183 104 22
183 10 104
183 10 53
36 62 115
36 44 62
30 115 181
30 53 183
30 53 14
30 14 181
37 116 173
37 173 140
104 10 35
104 35 87
178 213 164
87 188 35
87 188 113
10 35 15
10 215 53
10 15 215
115 138 62
115 138 181
116 52 32
116 32 173
16 107 140
16 210 100
173 68 107
95 54 77
95 54 110
95 110 123
107 210 16
107 68 210
44 138 62
44 213 106
44 47 106
164 110 54
164 179 213
164 179 144
164 197 144
14 181 146
14 215 53
100 113 87
100 61 113
100 69 58
138 47 44
181 47 138
181 47 146
35 188 48
35 15 48
113 61 188
211 200 52
211 200 187
32 68 173
32 147 52
32 147 124
210 58 100
210 58 25
68 124 32
68 25 210
68 25 124
106 179 213
106 105 47
106 105 203
106 203 179
215 146 14
215 15 146
188 48 61
47 105 146
110 197 164
110 197 99
110 99 123
146 15 21
146 21 105
61 48 69
61 69 100
179 112 153
179 153 203
200 74 147
200 74 187
200 147 52
197 144 99
48 69 205
48 15 27
48 205 143
48 27 143
124 26 185
124 185 147
25 26 124
69 154 206
69 205 206
58 26 25
58 154 69
58 154 26
105 98 203
74 187 13
15 21 111
15 111 27
144 112 179
144 99 112
26 154 51
26 51 133
26 133 148
26 148 185
147 13 74
147 13 185
154 31 51
154 31 206
21 98 105
21 111 98
112 67 99
13 187 46
13 185 46
98 1 111
98 1 192
153 203 117
153 67 112
153 67 117
205 143 206
27 111 109
27 9 143
27 9 109
203 117 45
203 192 98
143 206 9
99 67 134
99 134 123
51 133 31
117 180 45
111 1 109
46 185 56
46 56 71
46 71 76
206 9 122
206 31 122
67 180 117
67 180 134
133 148 31
9 109 38
9 122 38
31 129 204
31 204 148
45 192 203
45 180 65
45 65 60
192 60 45
192 168 60
185 121 148
185 56 121
123 134 83
123 83 189
123 189 94
180 134 65
109 1 131
148 127 121
148 127 204
134 83 65
122 38 162
122 129 31
122 129 169
122 162 169
1 19 131
1 168 192
121 127 176
56 71 176
56 176 121
19 168 1
19 29 131
38 131 109
38 162 131
131 29 195
60 168 159
60 159 174
60 174 65
94 189 40
127 125 176
127 84 204
127 84 125
168 29 19
168 29 159
71 76 176
65 161 83
65 161 155
65 155 174
83 136 189
129 169 88
129 80 88
204 80 129
204 84 191
189 136 7
189 40 7
29 159 195
162 23 131
162 23 169
136 161 83
136 101 161
136 7 101
159 174 130
161 155 101
76 176 171
195 130 159
195 130 72
195 23 131
80 191 204
155 101 18
155 18 120
88 191 80
88 23 169
88 23 90
88 119 191
174 130 102
174 120 155
174 120 102
125 81 84
125 171 176
101 7 18
191 84 63
7 149 40
7 18 149
130 172 11
130 11 72
120 18 49
149 39 91
81 171 125
81 171 196
81 63 84
81 63 196
23 72 195
23 90 72
18 39 149
18 214 49
18 214 39
171 196 132
171 132 59
102 49 120
102 172 130
72 75 90
49 20 102
49 20 214
39 214 145
63 196 57
63 119 191
90 119 88
90 119 135
90 75 128
20 172 102
20 172 50
20 145 214
20 145 50
196 57 132
172 11 209
172 50 209
11 75 72
11 175 43
11 43 209
119 135 4
119 150 63
75 175 11
135 128 90
150 57 63
150 4 119
150 4 132
145 91 39
145 91 50
57 132 150
175 128 75
175 128 126
91 50 209
91 126 209
43 209 126
43 126 175
4 128 135
4 128 59
132 59 4
128 126 59
